   8.1517570e-10   2.0696507e-10   1.3926681e-10   8.0948606e-10   1.0145270e-10   1.3766048e-10   2.4620028e-10   2.4620028e-10
   7.3451387e-10   1.4391985e-10   5.6798408e-10   1.1701305e-10   1.3253922e-10   1.0144968e-10   1.1896102e-10   1.1896102e-10
   9.6832064e-10   1.2131961e-10   1.2528719e-10   5.6013269e-10   3.3999998e-10   1.9885914e-10   1.7529903e-10   1.7529903e-10
   3.7588912e-10   2.6987151e-09   8.9301748e-10   2.2125177e-10   1.1676004e-10   1.1448951e-09   5.6705209e-10   5.6705209e-10
   4.5858775e-09   1.9003307e-10   2.0052037e-10   1.4590110e-10   2.3671900e-10   2.2684898e-10   4.3714256e-10   4.3714256e-10
   1.0201730e-09   1.2776059e-10   1.6383951e-10   1.3056967e-10   3.9271517e-10   1.3873576e-10   6.0187429e-10   6.0187429e-10
   2.9250900e-10   2.3099021e-10   1.4893372e-10   1.2060933e-10   2.2776193e-10   3.2328202e-10   1.5094721e-09   1.5094721e-09
   6.6386660e-10   7.9689502e-10   1.1856177e-10   2.7874225e-10   1.1449855e-08   1.9037037e-10   1.9909887e-10   1.9909887e-10
   1.5153155e-10   1.3306688e-10   1.5661946e-10   2.0818839e-10   1.2003279e-10   1.0385833e-10   8.7049972e-10   8.7049972e-10
   2.6488539e-10   4.5083004e-10   1.0273310e-10   3.9318009e-10   1.9220046e-10   1.3332741e-10   1.4877745e-10   1.4877745e-10
   1.1965977e-10   1.1363663e-09   5.7028681e-10   1.9043940e-10   1.2051715e-10   1.1949020e-10   3.6773105e-10   3.6773105e-10
   5.7459769e-10   1.5944648e-10   1.0699943e-10   1.1184121e-10   4.7895462e-10   3.6466627e-10   1.0619815e-10   1.0619815e-10
   1.2372347e-10   1.0731819e-10   2.5504846e-10   1.6775800e-10   2.3789146e-10   1.5283583e-10   3.2999218e-10   3.2999218e-10
   4.0372364e-10   2.0134222e-09   3.4039301e-10   4.3765748e-10   4.0146750e-10   1.7117197e-10   1.3509895e-10   1.3509895e-10
   7.5227316e-10   8.8691416e-10   3.8108653e-09   4.6927610e-10   3.6643600e-10   1.1965233e-10   1.6312156e-10   1.6312156e-10
   2.4529227e-10   1.1404464e-10   2.0199043e-09   2.5516645e-10   4.2836209e-10   2.0907635e-10   1.0512610e-10   1.0512610e-10
   1.3668440e-10   1.0404154e-10   1.0706036e-10   1.0058154e-10   8.9111807e-10   2.0870797e-10   1.9248058e-10   1.9248058e-10
   2.6309334e-10   1.4735106e-09   1.3582809e-10   7.6134616e-10   4.2737554e-10   1.0554027e-10   2.1687413e-10   2.1687413e-10
   6.0099749e-10   1.0391594e-10   3.7356749e-10   5.8628011e-10   1.1583619e-10   1.0865791e-10   4.9432527e-10   4.9432527e-10
   1.2267119e-10   1.2715103e-10   2.3324279e-10   1.5327173e-10   1.9734879e-09   1.2465569e-10   1.2814959e-10   1.2814959e-10
   2.6319765e-10   1.1674878e-09   2.2433637e-10   7.8822669e-10   1.2139315e-10   3.4353055e-10   3.0833443e-10   3.0833443e-10
   2.2469784e-10   5.7808755e-10   1.0531480e-09   6.1555529e-10   9.3219026e-09   1.6780696e-10   1.2423777e-10   1.2423777e-10
   1.9790180e-10   2.9106559e-10   1.3907562e-10   1.2055808e-10   2.7561167e-10   2.0641813e-10   7.6313035e-10   7.6313035e-10
   8.3321631e-10   1.9146254e-10   1.0203607e-10   2.9321842e-10   1.0617000e-10   2.3858456e-10   1.0228244e-10   1.0228244e-10
   3.4888483e-10   2.6974669e-09   1.1560675e-10   1.1636153e-09   1.3144761e-10   1.0439009e-10   1.4609990e-10   1.4609990e-10
   2.2595932e-10   1.0941180e-10   9.1459472e-10   1.2324173e-09   1.6674923e-08   6.9673476e-09   1.0900179e-10   1.0900179e-10
   1.0416331e-10   3.0912482e-10   1.2806315e-10   1.1357333e-10   1.2098598e-10   5.0003013e-10   6.0932515e-10   6.0932515e-10
   6.7206137e-10   2.3056730e-10   1.5065794e-10   4.0285495e-10   1.0828376e-10   1.7695336e-10   1.0380702e-10   1.0380702e-10
   1.2336714e-10   1.5470573e-09   8.9820705e-09   1.2665308e-09   4.4868970e-10   1.0253398e-10   8.7236780e-10   8.7236780e-10
   4.5477094e-10   5.3551482e-10   1.2590670e-10   1.1207787e-10   2.0666864e-10   1.6996933e-10   1.0746312e-10   1.0746312e-10
   3.1925111e-10   5.6165008e-10   1.9856916e-10   2.5183364e-10   1.0378419e-10   2.2967393e-10   2.6114919e-10   2.6114919e-10
   1.9864786e-10   3.1984418e-10   2.8909844e-10   3.0299903e-10   5.0585337e-09   4.8013484e-10   9.6686109e-10   9.6686109e-10
   6.1927916e-10   2.5206250e-10   1.6159105e-10   1.0998679e-10   2.4413742e-10   1.4100409e-09   7.1165811e-10   7.1165811e-10
   1.1926074e-09   1.7698848e-10   5.1319045e-10   7.9487446e-10   2.6502675e-09   1.0348350e-10   1.5092245e-10   1.5092245e-10
   1.4713918e-09   1.4336975e-10   1.3561333e-10   3.5864635e-10   1.6764866e-10   1.9025715e-10   1.8449778e-10   1.8449778e-10
   5.9231708e-10   1.2362457e-10   2.1266331e-10   1.4391756e-10   5.0552287e-10   1.1363177e-10   2.0972082e-10   2.0972082e-10
   1.5070392e-10   1.2338741e-10   1.5728811e-10   5.2534407e-10   1.3735944e-10   1.8333142e-10   1.6100242e-10   1.6100242e-10
   2.3138322e-10   2.3502449e-10   2.1579930e-10   1.4876537e-10   1.6229711e-09   2.6927295e-09   2.1042295e-10   2.1042295e-10
   2.3689673e-10   1.6435291e-10   1.3511164e-10   1.6873706e-10   1.9153398e-10   4.3842117e-09   1.4619958e-10   1.4619958e-10
   1.4483775e-10   1.1905232e-10   6.5574529e-10   1.2955663e-09   1.4019018e-10   2.9254731e-10   1.7082897e-10   1.7082897e-10
   7.1497689e-10   5.0605211e-10   1.2105254e-10   1.5861282e-10   1.3433257e-10   1.1723227e-10   1.1674218e-10   1.1674218e-10
   1.4468485e-10   1.0873889e-10   3.1820109e-10   1.8701095e-10   1.7863801e-09   4.6183472e-10   1.7691122e-09   1.7691122e-09
   2.3645481e-10   9.3074054e-10   1.9365846e-10   1.5233372e-10   1.0189654e-10   6.3377768e-10   4.6361125e-09   4.6361125e-09
   1.0498866e-10   2.7364220e-10   1.4548080e-10   1.1632060e-10   1.4507396e-07   1.4229609e-10   1.5556823e-10   1.5556823e-10
   4.4369794e-09   2.5845102e-10   3.5516261e-10   1.1238509e-10   2.5928062e-10   1.4396234e-10   2.1951031e-10   2.1951031e-10
   4.9405707e-10   1.9595353e-10   1.2528660e-10   1.7513580e-09   2.7687426e-08   4.7583294e-10   5.5891245e-10   5.5891245e-10
   2.2343450e-10   1.9268639e-10   1.2511698e-09   5.9879200e-09   1.4703771e-10   1.1188216e-10   1.3472724e-10   1.3472724e-10
   1.2871830e-10   5.4812818e-10   1.5538899e-10   2.8968758e-10   1.4875861e-10   1.3758052e-10   4.1444158e-09   4.1444158e-09
   1.4010705e-10   1.1113254e-10   2.5762132e-10   1.5519800e-10   2.0375603e-10   6.8146033e-10   1.0687708e-10   1.0687708e-10
   4.7723335e-10   1.2871061e-10   1.8226973e-10   2.1014184e-10   1.7400187e-10   1.2372174e-10   1.1231639e-10   1.1231639e-10
   1.5821730e-10   1.7186746e-09   1.3075369e-10   1.1732281e-10   1.6924042e-10   1.0433344e-10   1.0222123e-10   1.0222123e-10
   4.2664353e-10   2.0006752e-10   3.2041263e-09   2.6345072e-10   1.4607261e-10   1.2103812e-10   2.1188786e-10   2.1188786e-10
   5.2460330e-10   1.1923690e-10   1.4680907e-10   2.2813118e-10   9.4005041e-10   2.0810629e-09   2.5942687e-10   2.5942687e-10
   2.3606494e-09   6.7064383e-10   1.9215676e-10   1.4210089e-10   1.0903983e-10   1.4380747e-10   3.5158371e-10   3.5158371e-10
   3.1599705e-10   1.5590451e-10   3.7505896e-10   1.6561669e-10   1.0641075e-10   8.6191239e-10   2.1554670e-10   2.1554670e-10
   8.2340470e-10   2.8379101e-10   2.2128570e-10   2.0113479e-09   3.3590541e-09   1.4509379e-08   2.1475292e-10   2.1475292e-10
   1.9895802e-10   2.2860873e-09   2.8229565e-10   6.7754961e-10   1.5396426e-10   1.3264045e-10   1.4741331e-10   1.4741331e-10
   1.4573787e-09   5.6451239e-10   5.9995123e-10   2.0924289e-10   1.0824887e-10   1.0190001e-10   5.0067036e-10   5.0067036e-10
   8.2055732e-10   8.5826743e-10   2.4204345e-10   2.3817589e-10   1.0249159e-10   8.0894726e-10   4.0955830e-09   4.0955830e-09
   2.4822901e-10   3.1362381e-10   2.3032455e-10   1.4354545e-10   6.0809658e-07   1.2147965e-10   4.5847346e-10   4.5847346e-10
   5.7393279e-10   3.6903283e-10   1.3237175e-10   2.0601643e-10   2.0882689e-04   2.4007772e-10   1.0512773e-10   1.0512773e-10
   4.9987371e-10   3.9546126e-10   4.8241825e-10   4.9690785e-10   1.2170378e-10   6.2649301e-10   1.1001538e-10   1.1001538e-10
   2.4853697e-10   2.0121527e-10   4.3677258e-09   1.4089485e-10   5.4697064e-10   1.2439658e-10   1.2293182e-10   1.2293182e-10
   1.1169083e-10   3.8441345e-10   1.0986315e-10   2.3173903e-10   3.8212211e-10   1.7822786e-10   1.7507449e-10   1.7507449e-10
   1.5257183e-10   1.7785473e-10   1.1372257e-10   3.3142711e-10   3.2929532e-10   7.5685195e-10   5.6909456e-10   5.6909456e-10
   3.1989917e-10   1.0958299e-10   1.0959805e-10   1.6655169e-10   2.7996833e-10   2.0715870e-10   2.3815847e-10   2.3815847e-10
   1.3163161e-10   2.2123953e-10   1.1374707e-10   1.2783838e-10   1.9192026e-10   6.0358121e-10   2.8210059e-10   2.8210059e-10
   2.5938575e-10   4.3166953e-10   1.0601415e-10   1.8716766e-10   1.0138220e-10   3.0160312e-10   5.7105787e-10   5.7105787e-10
   1.4390270e-10   1.4478144e-10   1.3960072e-10   1.0088474e-10   1.3403157e-10   1.2758842e-10   1.7157428e-10   1.7157428e-10
   4.3724487e-10   3.7747572e-10   1.3694942e-10   1.7665605e-10   1.9731504e-10   2.0367825e-10   1.0081148e-10   1.0081148e-10
   1.3859773e-10   1.1690635e-10   1.7175365e-10   9.3819609e-10   5.2143965e-10   7.7628967e-10   1.8640720e-10   1.8640720e-10
   3.9860781e-10   1.1262758e-10   1.0747588e-10   6.7673158e-09   1.0795426e-10   2.7808727e-10   1.6558439e-10   1.6558439e-10
   1.0959197e-10   2.4809750e-10   1.3595944e-10   4.9714654e-10   1.0890703e-10   2.8835027e-10   4.4169346e-10   4.4169346e-10
   1.4424310e-10   1.8054436e-10   1.4689334e-10   4.1295253e-09   1.4944053e-10   1.0855378e-10   2.7145724e-08   2.7145724e-08
   2.3338482e-10   2.0899232e-10   1.2140774e-10   1.9695660e-10   2.0453907e-10   1.6469035e-10   4.4334420e-10   4.4334420e-10
   1.1282306e-09   1.6591656e-09   1.5224243e-10   2.2476999e-10   1.2360875e-10   2.8968145e-09   1.2942841e-10   1.2942841e-10
   4.4649792e-10   2.0978894e-10   4.3834710e-10   2.0717185e-10   3.8839730e-09   1.3619187e-10   1.1644152e-10   1.1644152e-10
   5.7976318e-10   1.1725562e-10   2.0839450e-10   1.9670537e-10   1.3930554e-10   2.7432458e-10   1.5125391e-10   1.5125391e-10
   6.5541246e-10   1.4651270e-10   1.4301454e-08   4.6242883e-10   2.3060763e-10   1.6941196e-10   2.4311695e-10   2.4311695e-10
   3.5538984e-10   8.9432703e-10   2.6242421e-10   1.3222730e-10   2.4768909e-10   1.0126579e-10   1.6573225e-10   1.6573225e-10
   7.1441358e-10   1.2243804e-10   1.1422390e-09   1.7876538e-10   1.1148157e-10   1.2924414e-10   1.3678575e-10   1.3678575e-10
   7.0227932e-10   1.0012111e-10   1.7442261e-10   3.4018827e-10   1.0709483e-10   1.5231053e-10   1.6893097e-10   1.6893097e-10
   1.9504852e-10   2.3007196e-10   3.5302129e-10   5.3770832e-09   1.1093986e-09   1.0424883e-10   9.9505220e-10   9.9505220e-10
   2.4132961e-10   1.0287887e-10   1.8924569e-10   2.0565618e-10   1.7771328e-10   1.4402362e-10   1.1635839e-10   1.1635839e-10
   8.4231306e-09   2.3587435e-10   2.8305005e-10   2.4713294e-10   1.2725928e-10   1.1532612e-10   6.0022514e-10   6.0022514e-10
   5.5164911e-10   1.2414757e-10   1.1229665e-10   1.3585170e-10   6.8472119e-07   1.2363786e-10   1.3989857e-10   1.3989857e-10
   1.4204004e-09   4.9091957e-10   3.8114217e-10   1.9620555e-10   1.3499954e-10   1.7073169e-10   5.4492151e-10   5.4492151e-10
   2.5388012e-10   5.3982930e-10   1.0618746e-10   1.0146830e-09   1.0520020e-10   1.2282428e-10   5.0348448e-10   5.0348448e-10
   1.1606002e-10   5.8426336e-10   1.6818367e-10   2.7084736e-10   1.0107734e-10   1.3574828e-10   1.2892393e-10   1.2892393e-10
   1.1958772e-10   8.0234868e-10   6.4632324e-10   1.1044544e-10   1.9632383e-10   1.0828085e-10   1.0007739e-10   1.0007739e-10
   1.7880706e-10   1.1966703e-10   1.6082743e-10   1.7538115e-10   1.0229716e-10   3.0137041e-10   1.5002655e-09   1.5002655e-09
   1.4502651e-10   1.9712212e-10   5.7049208e-09   1.2637266e-10   7.4367642e-10   5.4857174e-10   1.1372625e-10   1.1372625e-10
   1.4211346e-09   6.0427046e-10   1.2296610e-10   1.0287887e-10   1.3590808e-10   1.0679013e-10   1.2292692e-10   1.2292692e-10
   4.7533319e-10   1.9887589e-10   1.0471006e-10   2.5288885e-10   4.3502176e-10   1.6095644e-10   1.3344510e-10   1.3344510e-10
   2.6097692e-10   6.5539273e-10   1.1600445e-10   2.8893239e-10   8.9355709e-06   1.0478474e-10   4.0699622e-10   4.0699622e-10
   1.3125023e-09   2.2261070e-10   1.1704598e-10   1.8006101e-10   1.3136306e-10   1.2050982e-10   1.0962330e-10   1.0962330e-10
   2.0900265e-10   2.1832523e-10   2.0231092e-10   1.5045174e-10   1.6401862e-10   4.8070505e-10   1.2045698e-10   1.2045698e-10
   8.9200378e-10   3.7622479e-10   3.9961697e-10   1.4183062e-10   1.0598142e-05   1.6780490e-10   4.6061027e-10   4.6061027e-10
   6.0072857e-10   1.2612284e-10   1.5068638e-10   1.0040337e-10   5.8156649e-10   3.2962696e-10   3.6218622e-10   3.6218622e-10
   8.6060835e-10   1.3927803e-10   1.7542184e-10   1.7092020e-10   1.2544385e-10   1.5593521e-10   4.6497918e-10   4.6497918e-10
